I =

   6.3662e-01
   1.8930e-01
   8.8144e-02
   5.0384e-02
   3.2433e-02
   2.2552e-02
   1.6692e-02
   1.0503e-02
   6.2906e-02
  -1.6320e+00
   6.3155e+01
  -2.9560e+03
   1.6533e+05
  -1.0888e+07
   8.3402e+08
  -7.3519e+10
